1.0 0.73 0.74 0.72 0.68 0.68 0.66
0.73 1.0 0.86 0.79 0.78 0.76 0.74
0.74 0.86 1.0 0.87 0.86 0.84 0.81
0.72 0.79 0.87 1.0 0.93 0.91 0.87
0.68 0.78 0.86 0.93 1.0 0.93 0.9
0.68 0.76 0.84 0.91 0.93 1.0 0.94
0.66 0.74 0.81 0.87 0.9 0.94 1.0