0.260100 0.256887 0.335886 0.370872 0.41616 0.436968 0.464508
0.256887 0.476100 0.528126 0.550551 0.64584 0.660744 0.704628
0.335886 0.528126 0.792100 0.782043 0.91848 0.941976 0.994842
0.370872 0.550551 0.782043 1.020100 1.12716 1.158066 1.212606
0.416160 0.645840 0.918480 1.127160 1.44000 1.406160 1.490400
0.436968 0.660744 0.941976 1.158066 1.40616 1.587600 1.634472
0.464508 0.704628 0.994842 1.212606 1.49040 1.634472 1.904400