1.000  .728  .129  .430  .741  .612 -.027  .464   .728 1.000  .224  .451  .748  .830  .094  .495   .129  .224 1.000  .086  .154  .279  .242  .104   .430  .451  .086 1.000  .414  .404  .108  .806   .741  .748  .154  .414 1.000  .764  .161  .503   .612  .830  .279  .404  .764 1.000  .103  .505  -.027  .094  .242  .108  .161  .103 1.000  .070   .464  .495  .104  .806  .503  .505  .070 1.000