1.000  .779  .674  .462  .562  .392                                                       .779 1.000  .679  .412  .537  .359                                                       .674  .679 1.000  .500  .636  .565                                                         .462  .412  .500 1.000  .620  .745                                                          .562  .537  .636  .620 1.000  .603                                                        .392  .359  .565  .745  .603 1.000