 1.000  .611  .754  .673  .622  .614                                                       .611 1.000  .676  .464  .786  .636                                                       .754  .676 1.000  .521  .635  .650                                                        .673  .464  .521 1.000  .599  .574                                                       .622  .786  .635  .599 1.000  .634                                                       .614  .636  .650  .574  .634 1.000