1.00 0.48 0.44 0.52 0.28 0.24
0.48 1.00 0.33 0.39 0.21 0.18
0.44 0.33 1.00 0.47 0.35 0.30
0.52 0.39 0.47 1.00 0.49 0.42
0.28 0.21 0.35 0.49 1.00 0.42
0.24 0.18 0.30 0.42 0.42 1.00