  1.00   .47   .24   .30  -.12   .26   .28                                       .47  1.00   .28   .21  -.08   .25   .22                                       .24   .28  1.00   .41  -.22   .22   .26                                       .30   .21   .41  1.00  -.18   .12   .19                                      -.12  -.08  -.22  -.18  1.00  -.10  -.09                                       .26   .25   .22   .12  -.10  1.00   .65                                       .28   .22   .26   .19  -.09   .65  1.00