 1.00   .43   .47   .79   .39   .50   .71   .27   .47                           .43  1.00   .29   .43   .54   .28   .37   .53   .29                           .47   .29  1.00   .48   .38   .56   .49   .18   .49                           .79   .43   .48  1.00   .46   .56   .78   .35   .48                           .39   .54   .38   .46  1.00   .35   .44   .60   .32                           .50   .28   .56   .56   .35  1.00   .59   .20   .61                           .71   .37   .49   .78   .44   .59  1.00   .34   .53                           .27   .53   .18   .35   .60   .20   .34  1.00   .28                           .47   .29   .49   .48   .32   .61   .53   .28  1.00