  1.00  .50  .41  .33  .28  .30 -.24 -.23 -.20   .50 1.00  .35  .29  .26  .27 -.19 -.19 -.18   .41  .35 1.00  .30  .27  .29 -.17 -.16 -.14   .33  .29  .30 1.00  .52  .48 -.13 -.11 -.15   .28  .26  .27  .52 1.00  .44 -.11 -.09 -.10   .30  .27  .29  .48  .44 1.00 -.15 -.13 -.13  -.24 -.19 -.17 -.13 -.11 -.15 1.00  .58  .47  -.23 -.19 -.16 -.11 -.09 -.13  .58 1.00  .42  -.20 -.18 -.14 -.15 -.10 -.13  .47  .42 1.00